Volume1 = 0.3917807868
Volume2 = 1.3128199629
Volume3 = 2.04838811058